initial_pose_x: 0.389624
initial_pose_y: -0.253675
initial_pose_a: -0.574966

